885668
836662
49492
446532
182989
562616
976127
384676
403091
635037
1006315
1047006
640823
588952
233823
966345
80790
948192
192029
572160
107356
305406
591618
698261
224631
787620
98802
998068
990471
29637
488244
123871
12406
731004
885763
152186
641534
429658
44397
104747
488213
440968
669647
713821
64008
267823
82715
811965
429041
643361
544631
379846
704099
771570
141020
745112
944412
894252
782812
859562
842552
104055
432442
243592
793381
467428
611490
802691
657307
577112
408604
742251
503992
318184
647848
170147
499204
500312
824892
508719
706304
19013
663801
752521
353275
168272
498727
919283
914521
872606
794403
29968
462644
927
917145
929469
920462
582339
790796
159800
409516
927393
781033
27596
335852
86098
182235
844563
877237
245041
66154
59651
557190
684860
947221
103246
680464
44835
720828
516305
417656
178098
337715
922750
302483
680059
116894
398298
557974
546508
435607
663416
26831
479786
204763
692941
402550
649074
160673
93042
955046
90133
480161
14171
49606
55508
920134
952199
570825
315638
843111
182331
493650
268184
574331
583656
244572
801658
389591
78252
297587
756687
1027493
299402
254392
1023461
752016
753551
717667
226020
855404
933358
732533
14353
961368
895462
401494
10094
600592
231384
1010593
86546
27243
452806
209077
503414
294943
949935
410928
604712
174347
951480
490403
725793
162442
682385
431644
97821
404925
220398
120607
520953
293570
793578
773915
573503
1020323
1011178
617182
56382
222633
350369
311079
667714
800797
715863
561579
220088
347563
90046
1002726
628965
872057
285
599775
551042
710536
213867
221809
495362
461302
211810
715273
701012
927083
787780
849408
704718
406084
875670
531653
480027
644467
873822
254799
352427
195236
1010901
306403
974585
808910
176695
340556
267608
355456
704685
308901
870166
234901
51377
19328
422200
773831
348493
110321
332627
782731
756306
193249
382121
788446
169009
576166
857777
684612
155358
146676
955524
747588
915569
853156
930176
593772
719449
155500
162357
390230
138626
25731
345195
173457
77810
678294
752188
651039
743753
257257
508707
445028
307743
897762
98206
100637
938645
246872
353356
643518
112128
820933
809085
271638
711850
249275
560405
218371
61815
587320
993228
725003
731784
657343
884443
840144
907452
577430
879961
311555
800466
256465
937892
491114
429793
550877
1016522
123734
267249
715642
171948
1035013
235833
152879
338038
254853
180684
1022358
225905
335317
356065
423261
498649
259888
654322
678033
217642
1025285
211554
2280
177160
212522
636565
704798
145888
237808
581171
811785
837536
204485
689664
697394
636221
1007635
898327
46771
270499
874908
19775
61933
488900
360104
673337
373892
107263
604011
444658
378138
634326
192422
280497
571252
885603
744401
209081
539102
1031667
17211
364248
405089
220159
722558
116283
1003972
524068
67007
79143
49532
389673
341693
421023
878628
688542
613497
21459
330136
411902
147090
919960
116876
909397
355987
921320
306412
655570
181059
847184
88514
73488
995976
1034952
107953
66897
387356
1038046
924722
190265
626827
728114
838733
895275
739636
793131
367492
334375
810348
271783
600375
777851
774677
751982
1013544
675164
411292
342743
1044102
956529
402517
730982
990117
26913
976688
737064
51070
53532
920444
363602
458333
46913
678883
361513
418692
336217
936805
366882
1034648
458743
457043
155315
547672
549072
63098
60042
1001549
46715
591657
783179
743117
942205
295996
873639
443959
678171
117039
547201
58944
325621
86788
409825
576166
740359
533165
355537
93221
187963
818804
538840
887905
856177
377620
143526
940645
244991
94562
115505
881788
366403
567818
571104
602981
250945
571447
657858
967459
144686
548757
73126
870443
923852
413201
718796
496628
330983
574923
25212
546413
326701
382187
979598
762386
463801
421632
194716
9858
947912
448787
431737
83799
582921
241760
409308
864491
850028
879435
293163
576561
459095
6255
181212
422094
1011882
211495
768335
205678
343054
245124
468793
39004
892963
354867
73617
716790
629374
998396
288928
193894
47077
516761
163976
208477
135006
509247
423427
798789
115557
974970
329994
971128
229419
204073
362371
697584
659884
297622
889743
477726
81682
808523
480907
991376
864418
155677
504646
704605
136005
61102
379133
694933
57318
637238
233157
700703
966733
328964
143008
227848
842242
133239
411997
460113
1043757
152825
139218
883791
694790
203848
861350
201741
336776
970622
731092
652142
459760
743656
920398
146310
198021
1002249
718626
496679
1038279
391126
852223
859702
254684
7151
392104
822928
651118
785619
156987
1047168
301515
601135
555098
242061
164239
453536
851679
936244
929714
953591
584289
891996
855877
96895
193648
455459
287773
291151
619052
100146
289695
15337
1047798
647561
532815
531189
23377
737008
459720
722220
216619
790392
172268
972056
86873
913133
727351
495746
977555
194645
278659
183876
671596
434971
335381
689277
1021232
443587
689896
645481
906657
826677
115511
756060
956223
799671
948392
381656
587446
613869
142339
405948
349003
837631
218969
876394
120294
777574
370677
499786
904837
387975
956188
24838
442101
1028416
818996
792720
594011
93699
571903
773643
843033
821929
27473
813282
1032372
483264
850701
738984
426002
508112
175070
648181
710308
439051
937300
223020
508752
542616
505501
385397
479573
609999
888239
263029
668056
610891
823329
208700
525302
972663
237851
276165
999396
661187
380692
308822
549620
869566
997529
532829
1027296
300257
985372
494760
788388
692894
940428
467935
1004897
781783
952012
635793
783635
453526
959798
795399
245556
28838
576965
677831
195447
775588
322203
171930
173301
791264
1006300
318348
166245
94821
419506
398949
324188
803378
717554
752480
180476
461602
138231
343447
560145
322014
89510
517438
432822
187604
1000303
533649
545223
531426
790122
763574
665902
202177
1009658
695093
992502
866040
154070
763661
1021275
751343
380703
44050
146518
322693
45002
751198
183968
73963
737777
192369
346801
159764
662178
587897
785667
635722
132860
777191
867365
397704
685443
600593
979594
508370
811319
736514
181111
646302
745183
257088
715306
993647
1045868
76904
301973
579013
1004306
565143
456694
340913
666426
473825
370409
14973
680102
573967
238341
584075
882550
876904
518720
107999
495234
437439
33842
851428
4466
613400
415715
849313
929173
923659
476042
672272
559318
629086
7802
319685
49949
42662
333034
38902
784980
957692
459955
202547
129510
907326
957981
715595
879360
29589
667078
914315
878067
708186
676223
702850
234900
607935
984349
281831
227327
443431
863973
441144
66797
1013346
249030
359487
401577
817229
418319
383968
1029635
858261
78764
229244
1023480
496646
906054
611058
634322
714178
58515
690986
598227
227891
599836
68412
265274
1029296
750481
189765
339854
910308
175712
358894
148842
666230
950461
17525
978634
411277
343541
546247
620868
139973
364206
337299
159740
485868
693220
586976
721494
681324
638004
461363
310597
151135
817175
834168
549419
716943
827473
1043077
824551
582840
481425
935711
777638
83010
1023152
707687
374849
902007
455935
825511
784974
544439
993584
270863
660334
524379
312102
523883
226567
612012
290998
280877
6909
715159
768512
390359
478244
259378
554882
681555
732259
974545
774229
